[STATE]
ORIENT=3 50.000000 30.000000 30.000000 0.000000
ZOOMPAN=113 53 1016 474
ZOOMWINDOW=4.330127 0.000000 1.250000 0.000000
LABELS=0100001100111000000111110000000010000101100
SCALES1=0.100000
SCALES2=35.000000
SCALES3=0.100000
SCALES4=5.000000
SCALES5=50.000000
SCALES6=100.000000
SCALES7=55.000000
SCALES8=45.000000
SCALES9=100.000000
SCALES10=50.000000
SCALES11=10.000000
SCALES12=0.010000
SCALES13=50000.000000
SCALES14=0.100000
SCALES15=7.000000
SCALES16=3.000000
SCALES17=3.000000
